title,description
Task 01,Descrição task 01
Task 02,Descrição task 02
Task 03,Descrição task 03
Task 04,Descrição task 04
Task 05,Descrição task 05